0.080009 
0.080078 
0.080216 
0.080424 
0.080701 
0.081047 
0.081463 
0.081947 
0.082500 
0.083123 
0.083814 
0.084573 
0.085402 
0.086298 
0.087263 
0.088297 
0.089398 
0.090567 
0.091804 
0.093108 
0.094480 
0.095919 
0.097424 
0.098996 
0.100635 
0.102340 
0.104111 
0.105947 
0.107849 
0.109816 
0.111847 
0.113943 
0.116104 
0.118328 
0.120615 
0.122966 
0.125380 
0.127856 
0.130394 
0.132993 
0.135654 
0.138376 
0.141159 
0.144001 
0.146903 
0.149865 
0.152885 
0.155963 
0.159099 
0.162293 
0.165543 
0.168850 
0.172213 
0.175631 
0.179104 
0.182631 
0.186212 
0.189847 
0.193534 
0.197273 
0.201064 
0.204906 
0.208799 
0.212741 
0.216733 
0.220773 
0.224862 
0.228997 
0.233180 
0.237409 
0.241683 
0.246003 
0.250366 
0.254774 
0.259224 
0.263716 
0.268251 
0.272826 
0.277441 
0.282096 
0.286789 
0.291521 
0.296290 
0.301096 
0.305938 
0.310815 
0.315727 
0.320672 
0.325651 
0.330662 
0.335704 
0.340777 
0.345880 
0.351012 
0.356173 
0.361361 
0.366577 
0.371818 
0.377085 
0.382376 
0.387691 
0.393029 
0.398389 
0.403771 
0.409173 
0.414594 
0.420035 
0.425493 
0.430969 
0.436461 
0.441969 
0.447492 
0.453028 
0.458578 
0.464140 
0.469713 
0.475297 
0.480891 
0.486493 
0.492104 
0.497722 
0.503346 
0.508976 
0.514610 
0.520248 
0.525890 
0.531533 
0.537178 
0.542822 
0.548467 
0.554110 
0.559752 
0.565390 
0.571024 
0.576654 
0.582278 
0.587896 
0.593507 
0.599109 
0.604703 
0.610287 
0.615860 
0.621422 
0.626972 
0.632508 
0.638031 
0.643539 
0.649031 
0.654507 
0.659965 
0.665406 
0.670827 
0.676229 
0.681611 
0.686971 
0.692309 
0.697624 
0.702915 
0.708182 
0.713423 
0.718639 
0.723827 
0.728988 
0.734120 
0.739223 
0.744296 
0.749338 
0.754349 
0.759328 
0.764273 
0.769185 
0.774062 
0.778904 
0.783710 
0.788479 
0.793211 
0.797904 
0.802559 
0.807174 
0.811749 
0.816284 
0.820776 
0.825226 
0.829634 
0.833997 
0.838317 
0.842591 
0.846820 
0.851003 
0.855138 
0.859227 
0.863267 
0.867259 
0.871201 
0.875094 
0.878936 
0.882727 
0.886466 
0.890153 
0.893788 
0.897369 
0.900896 
0.904369 
0.907787 
0.911150 
0.914457 
0.917707 
0.920901 
0.924037 
0.927115 
0.930135 
0.933097 
0.935999 
0.938841 
0.941624 
0.944346 
0.947007 
0.949606 
0.952145 
0.954620 
0.957034 
0.959385 
0.961672 
0.963896 
0.966057 
0.968153 
0.970184 
0.972151 
0.974053 
0.975889 
0.977660 
0.979365 
0.981004 
0.982576 
0.984081 
0.985520 
0.986892 
0.988196 
0.989433 
0.990602 
0.991703 
0.992737 
0.993702 
0.994599 
0.995427 
0.996186 
0.996877 
0.997500 
0.998053 
0.998537 
0.998953 
0.999299 
0.999576 
0.999784 
0.999922 
0.999991 
0.999991 
0.999922 
0.999784 
0.999576 
0.999299 
0.998953 
0.998537 
0.998053 
0.997500 
0.996877 
0.996186 
0.995427 
0.994599 
0.993702 
0.992737 
0.991703 
0.990602 
0.989433 
0.988196 
0.986892 
0.985520 
0.984081 
0.982576 
0.981004 
0.979365 
0.977660 
0.975889 
0.974053 
0.972151 
0.970184 
0.968153 
0.966057 
0.963896 
0.961672 
0.959385 
0.957034 
0.954620 
0.952145 
0.949606 
0.947007 
0.944346 
0.941624 
0.938841 
0.935999 
0.933097 
0.930135 
0.927115 
0.924037 
0.920901 
0.917707 
0.914457 
0.911150 
0.907787 
0.904369 
0.900896 
0.897369 
0.893788 
0.890153 
0.886466 
0.882727 
0.878936 
0.875094 
0.871201 
0.867259 
0.863267 
0.859227 
0.855138 
0.851003 
0.846820 
0.842591 
0.838317 
0.833997 
0.829634 
0.825226 
0.820776 
0.816284 
0.811749 
0.807174 
0.802559 
0.797904 
0.793211 
0.788479 
0.783710 
0.778904 
0.774062 
0.769185 
0.764273 
0.759328 
0.754349 
0.749338 
0.744296 
0.739223 
0.734120 
0.728988 
0.723827 
0.718639 
0.713423 
0.708182 
0.702915 
0.697624 
0.692309 
0.686971 
0.681611 
0.676229 
0.670827 
0.665406 
0.659965 
0.654507 
0.649031 
0.643539 
0.638031 
0.632508 
0.626972 
0.621422 
0.615860 
0.610287 
0.604703 
0.599109 
0.593507 
0.587896 
0.582278 
0.576654 
0.571024 
0.565390 
0.559752 
0.554110 
0.548467 
0.542822 
0.537178 
0.531533 
0.525890 
0.520248 
0.514610 
0.508976 
0.503346 
0.497722 
0.492104 
0.486493 
0.480891 
0.475297 
0.469713 
0.464140 
0.458578 
0.453028 
0.447492 
0.441969 
0.436461 
0.430969 
0.425493 
0.420035 
0.414594 
0.409173 
0.403771 
0.398389 
0.393029 
0.387691 
0.382376 
0.377085 
0.371818 
0.366577 
0.361361 
0.356173 
0.351012 
0.345880 
0.340777 
0.335704 
0.330662 
0.325651 
0.320672 
0.315727 
0.310815 
0.305938 
0.301096 
0.296290 
0.291521 
0.286789 
0.282096 
0.277441 
0.272826 
0.268251 
0.263716 
0.259224 
0.254774 
0.250366 
0.246003 
0.241683 
0.237409 
0.233180 
0.228997 
0.224862 
0.220773 
0.216733 
0.212741 
0.208799 
0.204906 
0.201064 
0.197273 
0.193534 
0.189847 
0.186212 
0.182631 
0.179104 
0.175631 
0.172213 
0.168850 
0.165543 
0.162293 
0.159099 
0.155963 
0.152885 
0.149865 
0.146903 
0.144001 
0.141159 
0.138376 
0.135654 
0.132993 
0.130394 
0.127856 
0.125380 
0.122966 
0.120615 
0.118328 
0.116104 
0.113943 
0.111847 
0.109816 
0.107849 
0.105947 
0.104111 
0.102340 
0.100635 
0.098996 
0.097424 
0.095919 
0.094480 
0.093108 
0.091804 
0.090567 
0.089398 
0.088297 
0.087263 
0.086298 
0.085402 
0.084573 
0.083814 
0.083123 
0.082500 
0.081947 
0.081463 
0.081047 
0.080701 
0.080424 
0.080216 
0.080078 
0.080009 
