0.000000 
0.011145 
0.022111 
0.032711 
0.042765 
0.052096 
0.060539 
0.067937 
0.074151 
0.079054 
0.082540 
0.084522 
0.084934 
0.083735 
0.080909 
0.076467 
0.070447 
0.062913 
0.053961 
0.043712 
0.032314 
0.019943 
0.006796 
-0.006906 
-0.020923 
-0.035002 
-0.048877 
-0.062274 
-0.074918 
-0.086536 
-0.096863 
-0.105646 
-0.112655 
-0.117679 
-0.120542 
-0.121098 
-0.119243 
-0.114916 
-0.108101 
-0.098833 
-0.087197 
-0.073328 
-0.057414 
-0.039692 
-0.020445 
0.000000 
0.021277 
0.042989 
0.064712 
0.086002 
0.106409 
0.125480 
0.142771 
0.157856 
0.170338 
0.179857 
0.186099 
0.188807 
0.187785 
0.182909 
0.174127 
0.161468 
0.145044 
0.125046 
0.101750 
0.075509 
0.046751 
0.015974 
-0.016266 
-0.049360 
-0.082661 
-0.115491 
-0.147162 
-0.176981 
-0.204271 
-0.228385 
-0.248718 
-0.264722 
-0.275921 
-0.281924 
-0.282432 
-0.277253 
-0.266304 
-0.249620 
-0.227356 
-0.199788 
-0.167310 
-0.130429 
-0.089762 
-0.046019 
0.000000 
0.047427 
0.095337 
0.142769 
0.188743 
0.232279 
0.272420 
0.308251 
0.338922 
0.363661 
0.381801 
0.392790 
0.396207 
0.391777 
0.379378 
0.359049 
0.330992 
0.295572 
0.253317 
0.204906 
0.151162 
0.093039 
0.031602 
-0.031989 
-0.096500 
-0.160652 
-0.223138 
-0.282661 
-0.337947 
-0.387783 
-0.431040 
-0.466694 
-0.493857 
-0.511791 
-0.519931 
-0.517900 
-0.505518 
-0.482812 
-0.450020 
-0.407591 
-0.356175 
-0.296623 
-0.229964 
-0.157396 
-0.080254 
0.000000 
0.081819 
0.163593 
0.243679 
0.320444 
0.392285 
0.457673 
0.515182 
0.563518 
0.601551 
0.628338 
0.643147 
0.645475 
0.635065 
0.611909 
0.576258 
0.528619 
0.469748 
0.400641 
0.322513 
0.236784 
0.145044 
0.049033 
-0.049401 
-0.148329 
-0.245788 
-0.339817 
-0.428488 
-0.509963 
-0.582516 
-0.644579 
-0.694775 
-0.731942 
-0.755168 
-0.763807 
-0.757499 
-0.736177 
-0.700074 
-0.649725 
-0.585954 
-0.509866 
-0.422825 
-0.326431 
-0.222487 
-0.112974 
0.000001 
0.114230 
0.227462 
0.337443 
0.441951 
0.538860 
0.626167 
0.702046 
0.764876 
0.813285 
0.846173 
0.862741 
0.862508 
0.845323 
0.811373 
0.761180 
0.695598 
0.615791 
0.523219 
0.419607 
0.306918 
0.187307 
0.063085 
-0.063324 
-0.189439 
-0.312763 
-0.430837 
-0.541292 
-0.641890 
-0.730577 
-0.805521 
-0.865152 
-0.908196 
-0.933698 
-0.941050 
-0.929999 
-0.900657 
-0.853501 
-0.789364 
-0.709421 
-0.615170 
-0.508396 
-0.391147 
-0.265687 
-0.134449 
-0.000001 
0.135024 
0.267961 
0.396184 
0.517143 
0.628429 
0.727810 
0.813289 
0.883133 
0.935918 
0.970548 
0.986291 
0.982783 
0.960043 
0.918470 
0.858840 
0.782287 
0.690284 
0.584612 
0.467323 
0.340715 
0.207262 
0.069583 
-0.069619 
-0.207609 
-0.341663 
-0.469142 
-0.587535 
-0.694507 
-0.787950 
-0.866018 
-0.927176 
-0.970220 
-0.994306 
-0.998967 
-0.984117 
-0.950061 
-0.897480 
-0.827422 
-0.741286 
-0.640780 
-0.527899 
-0.404878 
-0.274147 
-0.138296 
0.000000 
0.138018 
0.273046 
0.402440 
0.523665 
0.634362 
0.732384 
0.815840 
0.883134 
0.932990 
0.964486 
0.977064 
0.970544 
0.945119 
0.901363 
0.840204 
0.762915 
0.671081 
0.566563 
0.451478 
0.328129 
0.198980 
0.066589 
-0.066419 
-0.197434 
-0.323895 
-0.443342 
-0.553474 
-0.652175 
-0.737577 
-0.808085 
-0.862406 
-0.899576 
-0.918975 
-0.920340 
-0.903765 
-0.869700 
-0.818936 
-0.752589 
-0.672077 
-0.579086 
-0.475534 
-0.363535 
-0.245359 
-0.123373 
-0.000001 
0.122326 
0.241209 
0.354350 
0.459577 
0.554897 
0.638531 
0.708942 
0.764876 
0.805373 
0.829790 
0.837806 
0.829428 
0.804990 
0.765137 
0.710814 
0.643240 
0.563888 
0.474445 
0.376779 
0.272901 
0.164917 
0.055001 
-0.054669 
-0.161942 
-0.264743 
-0.361111 
-0.449229 
-0.527473 
-0.594435 
-0.648947 
-0.690100 
-0.717265 
-0.730098 
-0.728544 
-0.712830 
-0.683466 
-0.641221 
-0.587110 
-0.522369 
-0.448423 
-0.366867 
-0.279416 
-0.187878 
-0.094114 
0.000001 
0.092607 
0.181911 
0.266211 
0.343933 
0.413659 
0.474149 
0.524373 
0.563518 
0.591007 
0.606504 
0.609915 
0.601390 
0.581313 
0.550289 
0.509133 
0.458841 
0.400578 
0.335640 
0.265434 
0.191446 
0.115206 
0.038260 
-0.037865 
-0.111686 
-0.181795 
-0.246890 
-0.305794 
-0.357478 
-0.401079 
-0.435911 
-0.461480 
-0.477486 
-0.483828 
-0.480598 
-0.468076 
-0.446724 
-0.417166 
-0.380178 
-0.336665 
-0.287642 
-0.234208 
-0.177525 
-0.118790 
-0.059217 
0.000000 
0.057700 
0.112783 
0.164229 
0.211114 
0.252634 
0.288110 
0.317004 
0.338922 
0.353620 
0.361007 
0.361141 
0.354222 
0.340585 
0.320694 
0.295121 
0.264538 
0.229697 
0.191412 
0.150546 
0.107985 
0.064622 
0.021341 
-0.021004 
-0.061602 
-0.099706 
-0.134639 
-0.165812 
-0.192727 
-0.214989 
-0.232312 
-0.244513 
-0.251524 
-0.253378 
-0.250214 
-0.242265 
-0.229855 
-0.213382 
-0.193315 
-0.170178 
-0.144538 
-0.116992 
-0.088153 
-0.058639 
-0.029059 
-0.000000 
0.027982 
0.054376 
0.078717 
0.100603 
0.119695 
0.135722 
0.148484 
0.157856 
0.163784 
0.166285 
0.165442 
0.161404 
0.154373 
0.144606 
0.132402 
0.118095 
0.102048 
0.084641 
0.066270 
0.047327 
0.028204 
0.009277 
-0.009096 
-0.026583 
-0.042882 
-0.057729 
-0.070896 
-0.082198 
-0.091491 
-0.098678 
-0.103703 
-0.106554 
-0.107258 
-0.105882 
-0.102529 
-0.097331 
-0.090450 
-0.082072 
-0.072400 
-0.061655 
-0.050067 
-0.037871 
-0.025305 
-0.012605 
-0.000000 
0.012288 
0.024053 
0.035101 
0.045256 
0.054363 
0.062286 
0.068912 
0.074151 
0.077936 
0.080225 
0.080998 
0.080259 
0.078035 
0.074375 
0.069349 
0.063048 
